floor_plan_real = [[0,0,0,0,0,0,0,0,0,0],
               [0,1,1,1,1,1,1,1,0,0],
               [0,0,0,0,0,0,0,0,0,0],
               [0,0,0,0,0,0,0,0,0,0],
               [0,1,1,1,1,1,1,1,0,0],
               [0,0,0,0,0,0,0,0,0,0],
               [0,0,0,0,0,0,0,0,0,0],
               [0,1,1,1,1,1,1,1,0,0],
               [0,0,0,0,0,0,0,0,0,0]]

floor_plan_almost_empty = [[0,0,0,0,0,0,0,0,0,0],
               [0,0,0,0,0,0,0,0,0,0],
               [0,0,0,0,0,0,0,0,0,0],
               [0,0,0,0,0,0,0,0,0,0],
               [0,0,0,0,0,1,0,0,0,0],
               [0,0,0,0,0,0,0,0,0,0],
               [0,0,0,0,0,0,0,0,0,0],
               [0,0,0,0,0,0,0,0,0,0],
               [0,0,0,0,0,0,0,0,0,0]]

floor_plan3_almost_full = [[1,1,1,1,1,1,1,1,1,1],
               [1,1,1,1,1,1,1,1,1,1],
               [1,1,1,1,1,1,1,1,1,0]]

floor_plan4_long = [[0,0,0,0,0,0,0,0,0,0],
               [0,0,0,0,0,0,0,0,0,0]]

agent_skills_2task = [[0,0],
                [0,1],
                [1,0],
                [1,1]]

agent_skills_1task = [[0],
                [0],
                [1],
                [1]]